rd_data=0.004807692307692308
rd_ready=0.07692307692307693
busy=0.07692307692307693
addr=0.005917159763313609
bank_addr=0.038461538461538464
data=0.004807692307692308
clock_enable=0.07692307692307693
cs_n=0.07692307692307693
ras_n=0.07692307692307693
cas_n=0.07692307692307693
we_n=0.07692307692307693
data_mask_low=0.07692307692307693
data_mask_high=0.07692307692307693
