rd_data=0.004032258064516129
rd_ready=0.06451612903225806
busy=0.22580645161290322
addr=0.004962779156327543
bank_addr=0.03225806451612903
data=0.004032258064516129
clock_enable=0.06451612903225806
cs_n=0.06451612903225806
ras_n=0.06451612903225806
cas_n=0.06451612903225806
we_n=0.06451612903225806
data_mask_low=0.06451612903225806
data_mask_high=0.06451612903225806
